Dim,mu_1,mu_2,mu_3,mu_4,mu_5,mu_6,mu_7,mu_8,mu_9,mu_10
5,0.25,0.33,0.36,0.27,0.32,0.35,0.33,0.36,0.29,0.39
6,0.35,0.24,0.32,0.31,0.34,0.3,0.21,0.25,0.25,0.29
7,0.27,0.25,0.27,0.24,0.31,0.23,0.36,0.34,0.24,0.28
8,0.25,0.31,0.21,0.28,0.26,0.31,0.3,0.38,0.26,0.3
9,0.3,0.28,0.28,0.29,0.28,0.34,0.35,0.24,0.18,0.3
10,0.28,0.22,0.22,0.32,0.27,0.28,0.23,0.25,0.27,0.21
11,0.33,0.24,0.21,0.25,0.22,0.29,0.32,0.21,0.23,0.25
12,0.24,0.22,0.25,0.14,0.18,0.27,0.22,0.25,0.22,0.29
13,0.33,0.18,0.27,0.28,0.2,0.22,0.16,0.25,0.22,0.28
14,0.32,0.21,0.15,0.17,0.19,0.17,0.21,0.23,0.25,0.16
15,0.17,0.33,0.28,0.22,0.24,0.14,0.17,0.17,0.24,0.22
16,0.18,0.19,0.26,0.13,0.22,0.24,0.2,0.24,0.22,0.13
17,0.19,0.19,0.24,0.31,0.19,0.2,0.12,0.31,0.21,0.2
18,0.18,0.14,0.2,0.2,0.22,0.22,0.19,0.26,0.19,0.18
19,0.18,0.16,0.25,0.28,0.2,0.22,0.18,0.23,0.23,0.22
20,0.24,0.24,0.24,0.21,0.17,0.16,0.19,0.13,0.26,0.14
21,0.2,0.19,0.21,0.26,0.18,0.15,0.17,0.17,0.19,0.13
22,0.19,0.21,0.18,0.15,0.2,0.21,0.21,0.16,0.15,0.19
23,0.18,0.16,0.22,0.18,0.17,0.24,0.1,0.15,0.19,0.13
24,0.16,0.15,0.14,0.15,0.16,0.19,0.17,0.17,0.15,0.12
25,0.18,0.11,0.18,0.16,0.19,0.18,0.18,0.14,0.21,0.19
26,0.16,0.19,0.19,0.21,0.12,0.13,0.19,0.15,0.13,0.16
27,0.27,0.11,0.15,0.14,0.24,0.09,0.14,0.13,0.16,0.14
28,0.14,0.24,0.21,0.16,0.21,0.17,0.16,0.17,0.18,0.2
29,0.16,0.15,0.12,0.2,0.17,0.17,0.12,0.12,0.18,0.18
30,0.2,0.12,0.14,0.15,0.22,0.24,0.17,0.15,0.18,0.13
31,0.1,0.14,0.16,0.16,0.07,0.17,0.18,0.12,0.11,0.15
32,0.14,0.12,0.18,0.16,0.19,0.21,0.15,0.16,0.13,0.21
33,0.12,0.15,0.14,0.12,0.2,0.12,0.17,0.21,0.17,0.15
34,0.1,0.15,0.15,0.15,0.16,0.19,0.19,0.22,0.11,0.13
35,0.11,0.21,0.14,0.18,0.14,0.15,0.14,0.19,0.17,0.18
36,0.17,0.15,0.13,0.08,0.18,0.09,0.15,0.16,0.18,0.14
37,0.13,0.06,0.17,0.16,0.17,0.11,0.13,0.14,0.13,0.13
38,0.13,0.12,0.09,0.15,0.13,0.22,0.1,0.12,0.1,0.18
39,0.11,0.15,0.14,0.16,0.16,0.12,0.16,0.15,0.16,0.16
40,0.12,0.19,0.11,0.15,0.13,0.14,0.18,0.19,0.16,0.12
41,0.17,0.13,0.12,0.15,0.16,0.14,0.15,0.09,0.14,0.13
42,0.1,0.1,0.17,0.09,0.13,0.12,0.14,0.15,0.1,0.22
43,0.12,0.11,0.13,0.08,0.18,0.19,0.1,0.21,0.1,0.12
44,0.1,0.15,0.12,0.06,0.12,0.12,0.12,0.14,0.14,0.12
45,0.13,0.07,0.11,0.12,0.15,0.11,0.1,0.13,0.13,0.12
46,0.17,0.11,0.15,0.05,0.1,0.16,0.14,0.16,0.18,0.16
47,0.12,0.15,0.09,0.05,0.13,0.09,0.15,0.14,0.11,0.1
48,0.11,0.2,0.07,0.12,0.13,0.08,0.12,0.08,0.22,0.12
49,0.09,0.16,0.14,0.08,0.05,0.08,0.13,0.1,0.12,0.12
50,0.11,0.09,0.18,0.09,0.16,0.07,0.08,0.13,0.17,0.1
51,0.12,0.08,0.07,0.16,0.12,0.13,0.12,0.09,0.13,0.17
52,0.12,0.15,0.11,0.12,0.09,0.14,0.11,0.12,0.14,0.12
53,0.14,0.17,0.13,0.16,0.16,0.09,0.06,0.07,0.14,0.13
54,0.08,0.13,0.11,0.14,0.14,0.11,0.17,0.12,0.13,0.14
55,0.16,0.09,0.14,0.09,0.06,0.09,0.14,0.16,0.12,0.13
56,0.12,0.08,0.12,0.09,0.11,0.11,0.12,0.11,0.08,0.07
57,0.1,0.14,0.13,0.1,0.12,0.2,0.25,0.14,0.15,0.07
58,0.12,0.12,0.08,0.09,0.09,0.07,0.16,0.09,0.09,0.11
59,0.12,0.1,0.08,0.11,0.15,0.17,0.12,0.09,0.12,0.14
60,0.1,0.14,0.1,0.12,0.1,0.19,0.09,0.09,0.06,0.08
61,0.08,0.18,0.11,0.14,0.11,0.16,0.09,0.17,0.14,0.11
62,0.07,0.07,0.11,0.15,0.14,0.15,0.15,0.06,0.06,0.02
63,0.08,0.08,0.1,0.12,0.11,0.14,0.09,0.14,0.07,0.11
64,0.07,0.12,0.11,0.11,0.13,0.13,0.07,0.14,0.13,0.17
65,0.09,0.12,0.14,0.07,0.11,0.14,0.11,0.11,0.16,0.2
66,0.05,0.09,0.13,0.15,0.15,0.09,0.11,0.15,0.08,0.1
67,0.07,0.1,0.14,0.11,0.12,0.11,0.09,0.16,0.07,0.13
68,0.11,0.12,0.12,0.08,0.08,0.09,0.13,0.09,0.08,0.09
69,0.09,0.1,0.13,0.1,0.14,0.06,0.12,0.12,0.12,0.08
70,0.1,0.07,0.1,0.08,0.09,0.08,0.12,0.07,0.09,0.11
71,0.12,0.07,0.11,0.12,0.08,0.1,0.11,0.09,0.12,0.1
72,0.12,0.09,0.1,0.17,0.11,0.09,0.12,0.13,0.11,0.14
73,0.1,0.04,0.12,0.1,0.07,0.16,0.09,0.14,0.05,0.1
74,0.15,0.09,0.08,0.12,0.09,0.14,0.11,0.12,0.09,0.1
75,0.15,0.13,0.11,0.07,0.1,0.06,0.05,0.1,0.09,0.09
76,0.05,0.07,0.1,0.15,0.11,0.14,0.11,0.13,0.09,0.06
77,0.1,0.08,0.05,0.11,0.08,0.12,0.12,0.06,0.07,0.07
78,0.1,0.12,0.1,0.09,0.11,0.05,0.13,0.11,0.11,0.14
79,0.09,0.07,0.02,0.04,0.08,0.07,0.1,0.08,0.13,0.11
80,0.05,0.08,0.11,0.11,0.1,0.08,0.12,0.03,0.06,0.12
81,0.11,0.11,0.09,0.15,0.13,0.05,0.09,0.12,0.15,0.12
82,0.09,0.11,0.13,0.1,0.06,0.06,0.12,0.08,0.09,0.1
83,0.04,0.1,0.12,0.11,0.04,0.07,0.08,0.14,0.12,0.05
84,0.06,0.08,0.08,0.04,0.11,0.04,0.1,0.05,0.08,0.13
85,0.12,0.05,0.1,0.13,0.05,0.07,0.12,0.1,0.08,0.09
86,0.17,0.1,0.03,0.06,0.1,0.13,0.06,0.11,0.1,0.07
87,0.13,0.09,0.11,0.11,0.1,0.1,0.13,0.1,0.11,0.09
88,0.06,0.08,0.11,0.08,0.11,0.05,0.13,0.06,0.1,0.08
89,0.07,0.09,0.11,0.1,0.06,0.13,0.07,0.09,0.09,0.09
90,0.06,0.11,0.04,0.1,0.06,0.11,0.06,0.06,0.13,0.14
91,0.1,0.13,0.12,0.09,0.05,0.1,0.1,0.07,0.11,0.08
92,0.11,0.07,0.06,0.09,0.05,0.07,0.09,0.09,0.06,0.12
93,0.07,0.06,0.11,0.08,0.07,0.11,0.09,0.06,0.09,0.1
94,0.05,0.07,0.1,0.11,0.07,0.12,0.11,0.09,0.07,0.08
95,0.08,0.1,0.06,0.08,0.04,0.06,0.12,0.06,0.09,0.08
96,0.12,0.11,0.08,0.1,0.1,0.14,0.09,0.08,0.15,0.07
97,0.05,0.1,0.1,0.05,0.11,0.08,0.03,0.1,0.09,0.02
98,0.1,0.06,0.06,0.09,0.07,0.07,0.09,0.06,0.08,0.07
99,0.06,0.11,0.05,0.1,0.08,0.12,0.08,0.06,0.06,0.08
100,0.1,0.07,0.03,0.11,0.07,0.11,0.13,0.11,0.13,0.08
