#    Iso.   Ultrametr. coeff             d(x,y)             d(y,z)             d(x,z)                  
   1    0                0.0                 45                 47                 54          
   2    1                0.5                 53                 53                 46          
   3    1     0.333333333333                 48                 51                 45          
   4    1               0.25                 54                 53                 43          
   5    2                0.4                 51                 46                 51          
   6    2     0.333333333333                 52                 49                 53          
   7    2     0.285714285714                 38                 46                 48          
   8    2               0.25                 59                 58                 37          
   9    2     0.222222222222                 54                 45                 51          
  10    2                0.2                 52                 50                 62          
  11    3     0.272727272727                 44                 44                 42          
  12    3               0.25                 52                 51                 57          
  13    3     0.230769230769                 50                 57                 43          
  14    3     0.214285714286                 37                 50                 49          
  15    3                0.2                 63                 50                 55          
  16    3             0.1875                 50                 52                 44          
  17    3     0.176470588235                 48                 47                 43          
  18    3     0.166666666667                 52                 48                 48          
  19    3     0.157894736842                 58                 49                 43          
  20    3               0.15                 56                 44                 50          
  21    3     0.142857142857                 46                 50                 48          
  22    3     0.136363636364                 48                 46                 42          
  23    3     0.130434782609                 53                 46                 49          
  24    3              0.125                 40                 55                 43          
  25    3               0.12                 49                 50                 51          
  26    3     0.115384615385                 51                 49                 44          
  27    3     0.111111111111                 50                 40                 54          
  28    3     0.107142857143                 49                 54                 49          
  29    3     0.103448275862                 57                 53                 52          
  30    3                0.1                 55                 52                 49          
  31    3    0.0967741935484                 46                 44                 50          
  32    3            0.09375                 46                 41                 47          
  33    3    0.0909090909091                 46                 45                 49          
  34    3    0.0882352941176                 49                 47                 44          
  35    3    0.0857142857143                 39                 53                 52          
  36    3    0.0833333333333                 54                 48                 58          
  37    4     0.108108108108                 57                 57                 52          
  38    4     0.105263157895                 50                 44                 62          
  39    4     0.102564102564                 47                 49                 42          
  40    4                0.1                 45                 47                 54          
  41    4    0.0975609756098                 45                 54                 49          
  42    5     0.119047619048                 50                 40                 50          
  43    5     0.116279069767                 53                 56                 63          
  44    5     0.113636363636                 60                 45                 47          
  45    5     0.111111111111                 41                 38                 49          
  46    5     0.108695652174                 47                 48                 47          
  47    5     0.106382978723                 53                 45                 44          
  48    5     0.104166666667                 53                 45                 54          
  49    5     0.102040816327                 44                 48                 46          
  50    5                0.1                 53                 55                 46          
  51    5    0.0980392156863                 54                 51                 55          
  52    5    0.0961538461538                 55                 50                 43          
  53    5    0.0943396226415                 44                 57                 51          
  54    5    0.0925925925926                 56                 50                 38          
  55    5    0.0909090909091                 50                 42                 48          
  56    5    0.0892857142857                 59                 51                 38          
  57    5    0.0877192982456                 57                 50                 51          
  58    5    0.0862068965517                 61                 44                 59          
  59    5    0.0847457627119                 40                 47                 51          
  60    5    0.0833333333333                 41                 53                 48          
  61    5    0.0819672131148                 48                 46                 52          
  62    5    0.0806451612903                 56                 47                 45          
  63    5    0.0793650793651                 49                 66                 47          
  64    5           0.078125                 50                 55                 53          
  65    5    0.0769230769231                 46                 56                 58          
  66    5    0.0757575757576                 55                 50                 47          
  67    5    0.0746268656716                 56                 42                 50          
  68    5    0.0735294117647                 46                 58                 50          
  69    5    0.0724637681159                 47                 55                 52          
  70    5    0.0714285714286                 50                 54                 42          
  71    6    0.0845070422535                 46                 50                 50          
  72    6    0.0833333333333                 61                 50                 49          
  73    6    0.0821917808219                 45                 48                 49          
  74    6    0.0810810810811                 48                 50                 44          
  75    6               0.08                 45                 42                 51          
  76    6    0.0789473684211                 57                 46                 51          
  77    6    0.0779220779221                 54                 55                 45          
  78    6    0.0769230769231                 53                 54                 49          
  79    6    0.0759493670886                 51                 57                 54          
  80    6              0.075                 54                 45                 49          
  81    6    0.0740740740741                 47                 49                 38          
  82    6    0.0731707317073                 54                 47                 47          
  83    6    0.0722891566265                 56                 46                 52          
  84    6    0.0714285714286                 54                 52                 52          
  85    6    0.0705882352941                 56                 45                 53          
  86    6    0.0697674418605                 44                 46                 52          
  87    6    0.0689655172414                 49                 46                 47          
  88    6    0.0681818181818                 54                 49                 59          
  89    7    0.0786516853933                 54                 54                 44          
  90    7    0.0777777777778                 51                 57                 44          
  91    7    0.0769230769231                 48                 46                 44          
  92    7    0.0760869565217                 54                 49                 45          
  93    7    0.0752688172043                 50                 49                 51          
  94    7    0.0744680851064                 49                 50                 45          
  95    7    0.0736842105263                 44                 54                 56          
  96    7    0.0729166666667                 55                 43                 46          
  97    7    0.0721649484536                 41                 54                 55          
  98    7    0.0714285714286                 44                 46                 48          
  99    7    0.0707070707071                 52                 59                 47          
 100    7               0.07                 53                 52                 55          

Ultrametricity coefficient is:  7 / 100  =  0.07
Hypercube diameter equals:  100

 [1, 1, 0, 1, 0, 1, 1, 1, 0, 1, 0, 0, 1, 1, 1, 0, 1, 1, 1, 0, 0, 1, 0, 1, 0, 0, 0, 0, 1, 0, 0, 1, 1, 1, 0, 1, 1, 0, 0, 0, 0, 0, 1, 0, 0, 0, 0, 0, 0, 0, 1, 1, 0, 1, 0, 0, 1, 0, 1, 1, 1, 1, 0, 1, 0, 1, 1, 1, 0, 1, 1, 0, 1, 0, 0, 1, 1, 0, 0, 0, 0, 0, 0, 1, 0, 1, 1, 0, 1, 1, 0, 1, 1, 0, 0, 1, 1, 1, 0, 1] 
 [1, 1, 0, 1, 1, 1, 0, 0, 1, 1, 0, 1, 0, 1, 0, 1, 1, 1, 0, 0, 1, 1, 1, 0, 0, 0, 0, 1, 0, 1, 1, 1, 0, 0, 1, 1, 1, 1, 0, 1, 1, 1, 0, 1, 0, 0, 0, 0, 0, 1, 0, 1, 1, 1, 0, 1, 1, 0, 0, 1, 0, 0, 1, 1, 0, 0, 1, 0, 1, 0, 0, 0, 1, 1, 1, 0, 1, 1, 0, 1, 0, 1, 0, 1, 0, 0, 0, 0, 0, 1, 1, 1, 0, 1, 0, 0, 0, 1, 1, 1] 
 [0, 1, 1, 1, 1, 0, 1, 0, 0, 1, 0, 0, 1, 0, 1, 0, 0, 0, 0, 1, 1, 1, 1, 1, 1, 0, 1, 1, 1, 1, 0, 0, 0, 0, 0, 0, 0, 1, 1, 0, 0, 1, 1, 1, 1, 0, 1, 1, 0, 1, 0, 0, 1, 1, 1, 1, 1, 0, 0, 1, 0, 1, 0, 1, 1, 1, 1, 1, 0, 1, 1, 1, 0, 1, 0, 0, 0, 0, 1, 1, 1, 1, 0, 1, 0, 0, 1, 0, 0, 0, 0, 0, 0, 0, 0, 0, 0, 0, 1, 1]
