#    Iso.   Ultrametr. coeff             d(x,y)             d(y,z)             d(x,z)                  
   1    1                1.0                  5                  5                  4          
   2    2                1.0                  6                  6                  6          
   3    3                1.0                  2                  5                  5          
   4    3               0.75                  5                  7                  6          
   5    3                0.6                  3                  3                  4          
   6    4     0.666666666667                  6                  6                  4          
   7    4     0.571428571429                  3                  5                  4          
   8    4                0.5                  7                  4                  5          
   9    5     0.555555555556                  7                  4                  7          
  10    5                0.5                  7                  5                  6          
  11    5     0.454545454545                  5                  3                  2          
  12    5     0.416666666667                  7                  6                  5          
  13    5     0.384615384615                  4                  3                  3          
  14    6     0.428571428571                  4                  5                  5          
  15    6                0.4                  3                  5                  2          
  16    7             0.4375                  4                  5                  5          
  17    8     0.470588235294                  4                  6                  6          
  18    8     0.444444444444                  6                  3                  5          
  19    9     0.473684210526                  7                  6                  7          
  20    9               0.45                  8                  3                  5          
  21   10      0.47619047619                  5                  2                  5          
  22   10     0.454545454545                  7                  4                  5          
  23   10     0.434782608696                  6                  5                  5          
  24   11     0.458333333333                  5                  5                  4          
  25   11               0.44                  4                  4                  6          
  26   11     0.423076923077                  5                  6                  7          
  27   11     0.407407407407                  4                  7                  5          
  28   11     0.392857142857                  5                  5                  6          
  29   12     0.413793103448                  5                  4                  5          
  30   13     0.433333333333                  4                  5                  5          
  31   13      0.41935483871                  4                  6                  4          
  32   13            0.40625                  6                  2                  8          
  33   13     0.393939393939                  5                  6                  3          
  34   13     0.382352941176                  6                  5                  3          
  35   13     0.371428571429                  5                  5                  6          
  36   13     0.361111111111                  5                  6                  5          
  37   13     0.351351351351                  4                  5                  7          
  38   13     0.342105263158                  5                  5                  6          
  39   13     0.333333333333                  6                  5                  3          
  40   13              0.325                  7                  5                  4          
  41   14     0.341463414634                  4                  6                  6          
  42   14     0.333333333333                  3                  3                  6          
  43   14     0.325581395349                  5                  6                  3          
  44   15     0.340909090909                  5                  2                  5          
  45   15     0.333333333333                  6                  4                  4          
  46   15     0.326086956522                  6                  6                  8          
  47   15      0.31914893617                  4                  4                  6          
  48   15             0.3125                  3                  4                  3          
  49   15      0.30612244898                  6                  3                  7          
  50   15                0.3                  5                  4                  7          
  51   15     0.294117647059                  6                  7                  5          
  52   16     0.307692307692                  5                  5                  4          
  53   16     0.301886792453                  3                  7                  6          
  54   17     0.314814814815                  4                  5                  5          
  55   17     0.309090909091                  5                  3                  4          
  56   17     0.303571428571                  3                  4                  3          
  57   17     0.298245614035                  7                  5                  8          
  58   18     0.310344827586                  4                  7                  7          
  59   18     0.305084745763                  7                  5                  4          
  60   19     0.316666666667                  2                  7                  7          
  61   19     0.311475409836                  3                  5                  6          
  62   19     0.306451612903                  5                  7                  4          
  63   19     0.301587301587                  3                  4                  7          
  64   19           0.296875                  3                  6                  5          
  65   19     0.292307692308                  6                  4                  4          
  66   19     0.287878787879                  5                  5                  6          
  67   20     0.298507462687                  2                  6                  6          
  68   21     0.308823529412                  4                  4                  4          
  69   22      0.31884057971                  7                  7                  2          
  70   23     0.328571428571                  2                  3                  3          
  71   23     0.323943661972                  3                  6                  3          
  72   24     0.333333333333                  5                  2                  5          
  73   24     0.328767123288                  7                  3                  6          
  74   24     0.324324324324                  7                  8                  5          
  75   24               0.32                  4                  5                  3          
  76   25     0.328947368421                  6                  6                  4          
  77   26     0.337662337662                  4                  8                  8          
  78   26     0.333333333333                  6                  4                  4          
  79   27     0.341772151899                  6                  6                  6          
  80   27             0.3375                  4                  2                  2          
  81   28     0.345679012346                  6                  4                  6          
  82   29     0.353658536585                  2                  3                  3          
  83   30     0.361445783133                  4                  2                  4          
  84   31     0.369047619048                  6                  2                  6          
  85   31     0.364705882353                  6                  5                  7          
  86   32     0.372093023256                  5                  5                  2          
  87   32     0.367816091954                  6                  5                  5          
  88   33              0.375                  5                  4                  5          
  89   33     0.370786516854                  5                  7                  4          
  90   34     0.377777777778                  4                  5                  5          
  91   34     0.373626373626                  5                  7                  4          
  92   34     0.369565217391                  6                  5                  9          
  93   34     0.365591397849                  5                  6                  3          
  94   34      0.36170212766                  5                  3                  6          
  95   34     0.357894736842                  5                  6                  9          
  96   35     0.364583333333                  4                  4                  4          
  97   35     0.360824742268                  6                  5                  5          
  98   35     0.357142857143                  4                  4                  8          
  99   35     0.353535353535                  5                  6                  5          
 100   36               0.36                  4                  4                  4          

Ultrametricity coefficient is:  36 / 100  =  0.36
Hypercube diameter equals:  10

 [0, 0, 1, 1, 0, 0, 0, 0, 1, 0] 
 [0, 1, 1, 0, 1, 0, 0, 0, 1, 1] 
 [0, 0, 0, 1, 1, 0, 0, 1, 1, 1]
