#    Iso.   Ultrametr. coeff             d(x,y)             d(y,z)             d(x,z)                  
   1    0                0.0     0.986786189928      1.02087124546      1.00241580598          
   2    0                0.0      1.07685455542      1.05019104072       1.0278923846          
   3    0                0.0      1.02157120935      1.06163037447      1.02000827214          
   4    0                0.0      1.10972654204     0.984214187207       1.0381714222          
   5    0                0.0      1.00377776734      1.12791318953       1.0760438435          
   6    0                0.0      1.11128218209      1.09990498204      1.11787445463          
   7    1     0.142857142857      1.03612319434      1.03829915565      1.00046758244          
   8    1              0.125      1.00360748137      1.06051373618      1.06725504913          
   9    1     0.111111111111      1.09016965041      1.09782295975      1.05781050649          
  10    1                0.1      1.00975372994      1.02977737401      0.99593571895          
  11    1    0.0909090909091      1.10400683805      1.04605392887      1.05188857761          
  12    1    0.0833333333333      1.03868528301      1.04228394224      1.10721494191          
  13    1    0.0769230769231      1.02571009144       1.0721148351      1.00885492841          
  14    1    0.0714285714286      1.05466922912      1.10191966579      1.00816548668          
  15    2     0.133333333333      1.07538782276      1.07699548954      1.07491831417          
  16    3             0.1875      1.01603109842      1.06812132584       1.0650759529          
  17    3     0.176470588235      1.05324648473      0.96693007993      1.04016249588          
  18    3     0.166666666667       1.0579421874      1.00255818538      1.02411367843          
  19    3     0.157894736842      1.10279061268      1.04442763436     0.990862453352          
  20    3               0.15       1.0470288081      1.07012808036      1.08127834331          
  21    3     0.142857142857      1.07991627001      1.04455357359      1.04825062658          
  22    3     0.136363636364      1.07791107235     0.986314798541      0.98043894197          
  23    3     0.130434782609      1.03080705423      1.06050514347      1.01049600697          
  24    3              0.125      1.08514025379      1.07549641274      0.98982914831          
  25    3               0.12      1.09892919429      1.03470979625      1.14697673996          
  26    3     0.115384615385       1.0014905636     0.994099493365     0.991324506874          
  27    4     0.148148148148      1.02518661463      1.02411353837        1.029731142          
  28    4     0.142857142857      1.06164581545      1.07480335924      0.97407221207          
  29    4     0.137931034483      1.05528133896      1.04369032716      0.96932064426          
  30    5     0.166666666667      1.08184428777      1.08055819197      1.05302732781          
  31    5     0.161290322581      1.08068420953     0.989141602856      1.03469840355          
  32    5            0.15625      1.12340567835     0.958111831498      1.09114295447          
  33    5     0.151515151515      1.06214980426      1.01348077157       1.1003627044          
  34    6     0.176470588235      1.08608782105      1.08993634534      1.00945811594          
  35    7                0.2      1.05278989153      1.08963634586      1.08819313624          
  36    7     0.194444444444      1.04363844747      1.06987014646      1.02022793321          
  37    7     0.189189189189      1.07615182932      1.02733747258       1.0969886508          
  38    7     0.184210526316      1.12151792534      1.06998734441      1.03413013028          
  39    7     0.179487179487      1.07563213321      1.06743944058      1.04078651073          
  40    8                0.2      1.06325615167     0.959367853013      1.06374166873          
  41    8      0.19512195122      1.07976286368      1.00863911465     0.989188901491          
  42    8     0.190476190476      1.06734725585      1.10807867722      1.03199486886          
  43    8     0.186046511628      1.04538186655      1.01349572238      1.06574327351          
  44    8     0.181818181818     0.936562317976      1.04955902898      1.05812692158          
  45    8     0.177777777778      1.01482297074      1.00843605007      1.05197192935          
  46    8     0.173913043478      1.00178047812      1.00992490546      1.10794746745          
  47    8     0.170212765957      1.02609618394     0.957642362575      1.05466481338          
  48    8     0.166666666667      1.04810130501     0.969952484114      1.02076869025          
  49    9     0.183673469388      1.04618930655     0.992670084387       1.0425822324          
  50    9               0.18     0.954825442901       1.0536298037     0.971144090004          
  51    9     0.176470588235      1.05376421184      1.09443059376      1.07619117952          
  52    9     0.173076923077      1.06221879513      1.02479119603      1.00602937376          
  53    9     0.169811320755      1.10563691245      1.00271111056      1.07810703077          
  54    9     0.166666666667      1.04681145784      1.08894488194      1.04059637608          
  55    9     0.163636363636       1.0556044906      1.04419478771      1.10087959583          
  56    9     0.160714285714      1.00924516329      1.08555730715      1.00990452139          
  57    9     0.157894736842     0.948195646364      1.02160789382      1.06850566338          
  58    9     0.155172413793       1.0337960819      1.02399264154      1.05652657412          
  59    9     0.152542372881      1.01494233283     0.998776600855      1.03136978876          
  60    9               0.15      1.01967857989      1.04590541615      1.01920956957          
  61    9     0.147540983607      1.08576866571      1.03396757984      1.03616614683          
  62    9     0.145161290323      1.08539245807      1.07343360492     0.980001216655          
  63    9     0.142857142857      1.10497394439      1.08433952288      1.01283455456          
  64    9           0.140625      1.06285005444      1.05215529767      1.01218806328          
  65    9     0.138461538462      1.05912499212      1.06370011675      1.12301480342          
  66    9     0.136363636364      1.09292996709      1.03348720955      1.07572370508          
  67   10     0.149253731343      1.02688704107      1.02218613148      1.02435542868          
  68   10     0.147058823529      1.12257981572      1.10565259526      1.02269013483          
  69   11     0.159420289855     0.985387593228      1.06751194054      1.06921911212          
  70   11     0.157142857143     0.920429381696      1.00453350329      1.03835095345          
  71   11     0.154929577465       1.0722575046      1.10205073487      1.11258986726          
  72   11     0.152777777778      1.05959141331      1.03077198502      1.08203790356          
  73   11     0.150684931507      1.07546562416      1.03707693853      1.09795225904          
  74   11     0.148648648649       1.0083041826      1.03905431082      1.03353962066          
  75   11     0.146666666667      1.04382793373      1.03701254036      1.03703860519          
  76   11     0.144736842105      1.06935427625     0.999641584173      1.07546501536          
  77   11     0.142857142857      1.06605296794      1.04691033926      1.08471701975          
  78   11     0.141025641026      1.10886940695      1.10317547251      1.08638389008          
  79   11     0.139240506329      1.01538672003       1.0255980783      1.02018473766          
  80   11             0.1375      1.02830459024       1.0266830659      1.07885925043          
  81   11     0.135802469136      1.01075655337      1.03624853252     0.981884437371          
  82   11     0.134146341463     0.995648713628      1.03798268264      1.03040481271          
  83   11     0.132530120482      1.03887727164      1.10395979763      1.01729644634          
  84   11     0.130952380952      1.05837875416      1.03485978714     0.954111352926          
  85   11     0.129411764706     0.978385394256      1.07553381875      1.05264924583          
  86   11     0.127906976744      1.06098197359      1.04124164626      1.13745490915          
  87   11     0.126436781609      1.03894316115      1.07836480883      1.09883256393          
  88   11              0.125      1.04515821814     0.923150551528      1.06923374468          
  89   11     0.123595505618      1.04940447727      1.07129788207      1.12591886749          
  90   11     0.122222222222      1.03424971194      1.01935670637      1.02487522456          
  91   11     0.120879120879      1.02466632108      1.01192379882      1.08891800325          
  92   12     0.130434782609       1.0715010635      1.04541579986      1.07374221174          
  93   12     0.129032258065     0.997271466095      1.04389866689      0.98118181455          
  94   12     0.127659574468      1.09247096389      1.04944630699      1.04976527912          
  95   12     0.126315789474      1.07600682834     0.958616729339      1.08818074317          
  96   12              0.125      1.06546065442      1.07243776262      1.02480038546          
  97   13     0.134020618557     0.973053032354      0.95144811542     0.972194994698          
  98   13     0.132653061224      1.05800164023      1.04106474888     0.973324362492          
  99   13     0.131313131313      1.01510822986      1.09754770886      1.05766040694          
 100   14               0.14      1.02678438162      1.03065523414     0.878485333495          

Ultrametricity coefficient is:  14 / 100  =  0.14
Hypercube diameter equals:  1.25892541179

 [0.9178146023718753, 0.6517371714665547, 0.2426132268488581, 0.3211669153119888, 0.7370038043243464, 0.228349133420648, 0.6946375739212555, 0.6978066810751002, 0.20447756250197968, 0.0697746540172991] 
 [0.5738060373218973, 0.4730134756295856, 0.5217111508984975, 0.06477300726804991, 0.3167971833076959, 0.5807505602883859, 0.2549279812483667, 0.18154552535124713, 0.7008166475529071, 0.029229514418637192] 
 [0.7786695665924509, 0.30283260518023114, 0.43758795690223695, 0.14204736293680087, 0.596330815651052, 0.12740981422591424, 0.6992782479226077, 0.8148432812681344, 0.07946515191100778, 0.012987283035403085]
