#    Iso.   Ultrametr. coeff             d(x,y)             d(y,z)             d(x,z)                  
   1    1                1.0      1.04145942639      1.04153378497      1.04033171664          
   2    2                1.0      1.04749392168      1.04062892416      1.04537574814          
   3    3                1.0      1.04724383686      1.04561226802      1.04498656178          
   4    4                1.0      1.04936549983      1.04553667937      1.04364236655          
   5    5                1.0      1.04064049431      1.03749724853      1.04233428087          
   6    6                1.0      1.04261231951      1.04385458301      1.04502716965          
   7    7                1.0      1.03474280057      1.04460347641      1.04288930201          
   8    8                1.0      1.04629265473      1.04296114156      1.04676672668          
   9    9                1.0      1.04057298941       1.0467325776      1.04738423325          
  10   10                1.0      1.04021410814      1.04965457194      1.04588729562          
  11   11                1.0      1.04701612726      1.04265956233      1.04769454959          
  12   12                1.0      1.03978091523      1.04501377918      1.04707521962          
  13   13                1.0       1.0435228542      1.04364276581      1.04328348665          
  14   14                1.0      1.04433081738      1.04199320739      1.04452703308          
  15   15                1.0      1.04641334838      1.04595321526      1.03933634423          
  16   16                1.0      1.03997155938      1.04713007608      1.04725986497          
  17   17                1.0      1.04970878542      1.03919277014      1.04499666192          
  18   18                1.0      1.04821754214       1.0466276948      1.04709550132          
  19   19                1.0      1.04205893883      1.03844419637      1.03877338397          
  20   20                1.0      1.04329441784       1.0463078508      1.04911521574          
  21   21                1.0      1.04380785167      1.03241876293      1.04128788133          
  22   22                1.0      1.04518577421       1.0499808513      1.04839876149          
  23   23                1.0       1.0398950326      1.03809131333      1.04351530331          
  24   24                1.0      1.03957496065       1.0493807333      1.04817662019          
  25   25                1.0      1.04452721103      1.04360451537      1.04437111731          
  26   26                1.0      1.04283901816      1.04549471999      1.03835736564          
  27   27                1.0      1.04960914364      1.04587792866      1.04034720129          
  28   28                1.0      1.03369044334      1.03612624165      1.04033986235          
  29   29                1.0      1.04651788393      1.04572868491      1.04317168728          
  30   30                1.0      1.03871633502      1.04199946334      1.03961114648          
  31   31                1.0      1.04164447508      1.04751368181      1.04800576868          
  32   32                1.0      1.04216093124      1.03798872952      1.04716614402          
  33   33                1.0      1.04737694606      1.04385498835      1.04142836037          
  34   34                1.0      1.04083724648       1.0442115493      1.04063593885          
  35   35                1.0      1.04095325432      1.04236428906      1.04070019797          
  36   36                1.0      1.04397661471      1.04687572885      1.04547479475          
  37   37                1.0      1.04523109779      1.04678440379      1.03792613518          
  38   37     0.973684210526      1.04938990966      1.03742483522      1.04352883347          
  39   38     0.974358974359      1.04448388332       1.0406674684      1.04508707485          
  40   39              0.975       1.0448188352      1.04761325711      1.04334242562          
  41   40     0.975609756098      1.03699573358      1.03333990879      1.03422953406          
  42   41      0.97619047619      1.04038572472      1.04482769305      1.04512451147          
  43   42     0.976744186047      1.03104057092      1.03891818128      1.04221828337          
  44   43     0.977272727273      1.03841120996      1.03925552552      1.03792491886          
  45   44     0.977777777778      1.04846514723       1.0429049933      1.04341027484          
  46   44      0.95652173913       1.0420332895      1.04167977239      1.04818793576          
  47   45     0.957446808511      1.04059972206      1.04601584885      1.04881912342          
  48   46     0.958333333333      1.04286115174      1.04706892771      1.05057581411          
  49   47     0.959183673469       1.0429663301      1.04111628351      1.04192455304          
  50   48               0.96      1.03699005577      1.03414867334      1.04035853638          
  51   48     0.941176470588      1.04430719237      1.03821675674      1.03704944934          
  52   49     0.942307692308      1.04683404748      1.04714394566      1.04781190123          
  53   50     0.943396226415      1.04603135435      1.04614295576      1.04636798389          
  54   51     0.944444444444      1.04228478109       1.0439414863      1.04221973226          
  55   52     0.945454545455      1.04367077621      1.04673302935       1.0439198263          
  56   52     0.928571428571       1.0403679506      1.04808970128      1.04021201823          
  57   53     0.929824561404       1.0423298594      1.04550575692      1.04425558746          
  58   54     0.931034482759      1.04466854212      1.04168981026      1.04400026873          
  59   55     0.932203389831      1.04564622957      1.04465021791      1.04526428607          
  60   56     0.933333333333      1.03964877252      1.04919165546      1.04444705554          
  61   57     0.934426229508      1.03639880087      1.03182698439      1.03719439031          
  62   58     0.935483870968      1.04080222015      1.03947637052      1.03666854517          
  63   59     0.936507936508      1.04520042168      1.04218331142      1.04314569316          
  64   60             0.9375      1.03142872343      1.04470920436      1.04133757357          
  65   61     0.938461538462      1.04567647873      1.04468329458      1.04546083515          
  66   61     0.924242424242      1.05283641557       1.0421327509      1.04307803353          
  67   62     0.925373134328      1.04488200366       1.0422254354      1.04296995429          
  68   63     0.926470588235      1.04089077207      1.04387191545      1.04236883685          
  69   64     0.927536231884      1.03251535155      1.04020505579       1.0431951129          
  70   65     0.928571428571      1.04399612384      1.04052906866      1.03761526699          
  71   66     0.929577464789      1.04260400255      1.04478390982      1.04488730504          
  72   67     0.930555555556      1.04253183831      1.03811146333      1.04030528378          
  73   68     0.931506849315       1.0446684904        1.049146247      1.03902742726          
  74   68     0.918918918919      1.04567879956      1.03664238654      1.03922984278          
  75   69               0.92      1.04100657693       1.0462363919      1.03802448325          
  76   70     0.921052631579      1.04186579067       1.0458946183      1.04578406532          
  77   71     0.922077922078      1.04425682248      1.04619798485      1.04536751026          
  78   72     0.923076923077      1.04315985627      1.04584630137      1.04089606132          
  79   73     0.924050632911      1.04768481005      1.03880308211      1.04312554667          
  80   74              0.925      1.04296070843      1.04497648588       1.0450654138          
  81   75     0.925925925926       1.0477370805      1.03372544662       1.0453448961          
  82   76     0.926829268293      1.04632173425      1.04416132525      1.04241384921          
  83   77     0.927710843373      1.04365235397      1.04587470554      1.04509089095          
  84   78     0.928571428571      1.03995707372      1.04656747435      1.04878274614          
  85   79     0.929411764706      1.04811569812      1.04490353875      1.04386335193          
  86   80      0.93023255814      1.03386184381      1.04080856506      1.04193034465          
  87   80     0.919540229885      1.04994320858      1.03997682172      1.03948339207          
  88   80     0.909090909091      1.04717860756      1.03745852671      1.04105393077          
  89   80     0.898876404494       1.0371913817      1.04543972532       1.0399379958          
  90   81                0.9      1.04654198611      1.04064431805      1.04220787154          
  91   82     0.901098901099      1.04316073091       1.0435012009      1.04814936879          
  92   83     0.902173913043      1.04415889868      1.04547148478      1.04687224462          
  93   84     0.903225806452       1.0323838103      1.04247464161      1.04748683046          
  94   85     0.904255319149      1.04891746968      1.04961753882      1.04594930086          
  95   85     0.894736842105      1.04446363296      1.05131831137      1.04514904603          
  96   85     0.885416666667      1.04770243179      1.04076134226      1.04143403238          
  97   86     0.886597938144      1.04081813284      1.03998358061      1.04094616311          
  98   87     0.887755102041      1.04234805371      1.03828856458      1.04348969094          
  99   88     0.888888888889      1.04264785258      1.04513800017      1.04726585832          
 100   89               0.89      1.04224021024      1.04309600228      1.04312790636          

Ultrametricity coefficient is:  89 / 100  =  0.89
Hypercube diameter equals:  1.0813826568

 [0.7558957937002115, 0.20746734149764157, 0.8231922469913902, 0.394314421375366, 0.7892595794737213, 0.20740179688644633, 0.3561694413725076, 0.23452668085743467, 0.90380083573594, 0.7435361453726003, 0.18947376848967712, 0.06192072986823072, 0.4916878364973125, 0.6842906193887008, 0.23042587742843879, 0.2531880461174564, 0.5750071269387833, 0.3288453062178277, 0.6576375211499029, 0.07820478022566613, 0.5996405595335501, 0.3977857144860245, 0.014575125764086594, 0.375379574209057, 0.7819399245753074, 0.6287712123106564, 0.4621198584379894, 0.054592964300171465, 0.4767187486318968, 0.7041098172386097, 0.1247054808332494, 0.6373886802700511, 0.23935077546520234, 0.6660658344243109, 0.8887867075896235, 0.5866710644000784, 0.5662169879909769, 0.7685667266163247, 0.7864413921189579, 0.1665984543014386, 0.87125427281112, 0.8094523952770937, 0.05895067919613228, 0.16093606254388115, 0.7452511440128274, 0.6383326462578278, 0.22631613069641632, 0.9746840624514438, 0.5921391445210458, 0.536145864558805] 
 [0.25305884966826075, 0.4770428963873732, 0.7765439416453036, 0.1386954338563937, 0.7060587291667884, 0.4833716868120147, 0.8290364843012158, 0.5237248469661933, 0.6703461530154439, 0.25279261093946015, 0.3319730826042586, 0.5412152516941977, 0.29827506663107717, 0.9279567173449266, 0.9456828729393798, 0.45623936878426574, 0.4045206123282944, 0.3518548454651227, 0.14533906950918762, 0.272807141548295, 0.5428989380813719, 0.5941626870666524, 0.5264296908295418, 0.8536272114425252, 0.7343309579290396, 0.6075206509886869, 0.41305973054663436, 0.41146305958153084, 0.8175584628771733, 0.423194405436348, 0.515226462223054, 0.3112057458680477, 0.39614907553099554, 0.47427082316180513, 0.03139076903360205, 0.07881928708098784, 0.4307540833589517, 0.30518095211102614, 0.29477203471568203, 0.24801229406993053, 0.059051222459192254, 0.49811290028399136, 0.6069876411104133, 0.8878868974067105, 0.37240266229845065, 0.14203316189298187, 0.9746890307021754, 0.5551346523816337, 0.9615727060555185, 0.8641002296049338] 
 [0.8183606638328567, 0.6135600461338062, 0.5414124621592129, 0.8213811585301928, 0.18223189235499637, 0.036986661852304814, 0.42079464076708517, 0.6270782365790082, 0.9785624905396301, 0.34497809314180106, 0.4854284868441894, 0.260975813479171, 0.9761218548149408, 0.8738162289156453, 0.2256192607938492, 0.44157669220469953, 0.6575955783868648, 0.9455578703944897, 0.4471140303048442, 0.3962607780249068, 0.13202637706932818, 0.17036617457217162, 0.28595806682010694, 0.29214202993848726, 0.07126830639739945, 0.7861300169212039, 0.4199102217895514, 0.9523660429503662, 0.4342499323793708, 0.8727178245908818, 0.7216450263447367, 0.626161031964985, 0.14473961481401187, 0.28858088810255944, 0.043462952889311235, 0.9900250838486983, 0.41222328368682504, 0.8580173960231805, 0.9597912668653288, 0.6501924741373326, 0.11999058492767944, 0.2935658953199538, 0.9420840954052387, 0.6244784460531239, 0.0997441610549955, 0.3599941615685188, 0.47730438683389786, 0.47026548143254654, 0.5233038521820688, 0.21987625187527005]
