#    Iso.   Ultrametr. coeff             d(x,y)             d(y,z)             d(x,z)                  
   1    0                0.0                 33                 29                 18          
   2    0                0.0                 23                 25                 22          
   3    0                0.0                 27                 29                 24          
   4    0                0.0                 22                 19                 23          
   5    0                0.0                 16                 21                 23          
   6    0                0.0                 26                 28                 22          
   7    0                0.0                 25                 27                 26          
   8    0                0.0                 21                 30                 23          
   9    0                0.0                 22                 21                 25          
  10    0                0.0                 27                 21                 22          
  11    1    0.0909090909091                 26                 24                 26          
  12    1    0.0833333333333                 22                 20                 24          
  13    1    0.0769230769231                 26                 26                 28          
  14    1    0.0714285714286                 29                 23                 28          
  15    1    0.0666666666667                 22                 27                 21          
  16    1             0.0625                 34                 28                 26          
  17    2     0.117647058824                 26                 22                 26          
  18    2     0.111111111111                 23                 24                 21          
  19    2     0.105263157895                 24                 25                 29          
  20    2                0.1                 28                 23                 25          
  21    2    0.0952380952381                 23                 25                 26          
  22    2    0.0909090909091                 31                 17                 32          
  23    2    0.0869565217391                 21                 20                 25          
  24    2    0.0833333333333                 21                 26                 19          
  25    2               0.08                 28                 24                 26          
  26    2    0.0769230769231                 29                 31                 24          
  27    2    0.0740740740741                 23                 21                 24          
  28    3     0.107142857143                 22                 25                 25          
  29    3     0.103448275862                 24                 26                 22          
  30    3                0.1                 22                 28                 32          
  31    3    0.0967741935484                 30                 27                 25          
  32    3            0.09375                 25                 26                 19          
  33    3    0.0909090909091                 23                 29                 28          
  34    3    0.0882352941176                 23                 21                 22          
  35    3    0.0857142857143                 25                 26                 17          
  36    3    0.0833333333333                 24                 26                 32          
  37    3    0.0810810810811                 26                 30                 26          
  38    4     0.105263157895                 26                 22                 26          
  39    4     0.102564102564                 25                 30                 23          
  40    4                0.1                 25                 21                 18          
  41    4    0.0975609756098                 26                 29                 25          
  42    4    0.0952380952381                 24                 24                 28          
  43    4     0.093023255814                 24                 29                 27          
  44    4    0.0909090909091                 27                 29                 18          
  45    4    0.0888888888889                 27                 19                 22          
  46    4    0.0869565217391                 21                 19                 24          
  47    4    0.0851063829787                 22                 26                 30          
  48    4    0.0833333333333                 25                 26                 19          
  49    4    0.0816326530612                 26                 28                 22          
  50    4               0.08                 26                 27                 23          
  51    4     0.078431372549                 20                 23                 29          
  52    4    0.0769230769231                 20                 29                 23          
  53    4    0.0754716981132                 28                 26                 26          
  54    4    0.0740740740741                 26                 30                 24          
  55    4    0.0727272727273                 27                 26                 21          
  56    4    0.0714285714286                 20                 21                 27          
  57    4    0.0701754385965                 20                 21                 27          
  58    4    0.0689655172414                 21                 26                 27          
  59    4    0.0677966101695                 24                 29                 25          
  60    5    0.0833333333333                 26                 24                 26          
  61    5    0.0819672131148                 33                 28                 27          
  62    5    0.0806451612903                 29                 27                 24          
  63    5    0.0793650793651                 25                 20                 21          
  64    5           0.078125                 25                 32                 25          
  65    5    0.0769230769231                 19                 28                 19          
  66    5    0.0757575757576                 26                 25                 27          
  67    5    0.0746268656716                 28                 31                 27          
  68    5    0.0735294117647                 26                 23                 27          
  69    5    0.0724637681159                 26                 29                 25          
  70    5    0.0714285714286                 29                 25                 24          
  71    6    0.0845070422535                 25                 24                 25          
  72    6    0.0833333333333                 21                 28                 21          
  73    7    0.0958904109589                 26                 27                 27          
  74    7    0.0945945945946                 24                 25                 23          
  75    7    0.0933333333333                 24                 24                 30          
  76    7    0.0921052631579                 29                 24                 23          
  77    7    0.0909090909091                 23                 25                 26          
  78    7    0.0897435897436                 28                 27                 23          
  79    7    0.0886075949367                 19                 23                 24          
  80    7             0.0875                 22                 30                 24          
  81    7    0.0864197530864                 19                 29                 32          
  82    7    0.0853658536585                 24                 27                 21          
  83    7    0.0843373493976                 25                 28                 25          
  84    7    0.0833333333333                 22                 26                 22          
  85    7    0.0823529411765                 22                 22                 32          
  86    7    0.0813953488372                 24                 20                 28          
  87    7    0.0804597701149                 23                 25                 28          
  88    7    0.0795454545455                 22                 26                 24          
  89    7    0.0786516853933                 21                 23                 18          
  90    7    0.0777777777778                 23                 22                 19          
  91    8    0.0879120879121                 28                 28                 28          
  92    8    0.0869565217391                 20                 18                 26          
  93    9    0.0967741935484                 22                 33                 33          
  94   10     0.106382978723                 26                 26                 24          
  95   10     0.105263157895                 25                 25                 26          
  96   10     0.104166666667                 24                 28                 22          
  97   10     0.103092783505                 23                 25                 24          
  98   10     0.102040816327                 23                 25                 24          
  99   10      0.10101010101                 28                 28                 32          
 100   11               0.11                 27                 24                 27          

Ultrametricity coefficient is:  11 / 100  =  0.11
Hypercube diameter equals:  50

 [1, 1, 0, 1, 1, 1, 0, 0, 0, 0, 1, 1, 1, 0, 1, 1, 0, 0, 0, 1, 0, 0, 1, 1, 1, 1, 0, 0, 0, 1, 1, 1, 1, 1, 0, 1, 1, 1, 1, 1, 0, 0, 1, 0, 0, 1, 0, 1, 1, 0] 
 [0, 0, 0, 0, 0, 1, 0, 0, 0, 1, 1, 0, 1, 0, 1, 0, 1, 0, 0, 0, 1, 1, 0, 0, 1, 1, 1, 0, 1, 0, 1, 1, 0, 1, 1, 0, 1, 1, 0, 0, 0, 1, 1, 1, 1, 0, 0, 0, 1, 1] 
 [0, 0, 0, 0, 0, 0, 1, 1, 0, 0, 0, 0, 1, 0, 0, 1, 1, 0, 0, 1, 1, 0, 1, 0, 0, 1, 1, 1, 0, 0, 0, 0, 0, 1, 0, 1, 1, 0, 0, 1, 0, 1, 1, 1, 0, 1, 1, 1, 0, 1]
