#    Iso.   Ultrametr. coeff             d(x,y)             d(y,z)             d(x,z)                  
   1    0                0.0     0.904542737839     0.713388109878     0.674070112884          
   2    0                0.0     0.507583454535     0.741660283181     0.763538962845          
   3    0                0.0     0.783861971709     0.690757057145     0.779914032618          
   4    0                0.0     0.802033452572      0.71282545505     0.866473956279          
   5    0                0.0     0.905569281708      1.05039272757     0.743836869168          
   6    0                0.0     0.557956667374     0.462042919999     0.744871623446          
   7    0                0.0     0.757829579514     0.595233929255      1.02460825436          
   8    0                0.0     0.714230393553     0.901355800205      0.75440932871          
   9    0                0.0     0.571512997014     0.216343421816     0.639311580266          
  10    1                0.1     0.658039906626      0.86432027404     0.865638002533          
  11    1    0.0909090909091     0.825381138621     0.564499092379     0.674593434841          
  12    1    0.0833333333333     0.223342629131     0.600053668144     0.680109117188          
  13    1    0.0769230769231     0.514672828202      0.37201728949        0.284393079          
  14    1    0.0714285714286      1.02921856419     0.979556397717     0.840523981578          
  15    1    0.0666666666667     0.747654606203     0.831976557523     0.341339106864          
  16    1             0.0625       1.0808934674       1.0066000338     0.927472159946          
  17    1    0.0588235294118     0.789349981975     0.807207716867     0.694147397539          
  18    1    0.0555555555556     0.989486029731     0.389112887722     0.856579719489          
  19    1    0.0526315789474     0.920449108654     0.438300763002     0.833090525595          
  20    1               0.05     0.805789079355      0.86155087281     0.904618612078          
  21    1     0.047619047619     0.469975590311     0.753833640341     0.926758703322          
  22    1    0.0454545454545     0.623444827846     0.896569831592     0.647107664693          
  23    1    0.0434782608696     0.492431575357     0.580096393277      0.49189718128          
  24    1    0.0416666666667     0.700186384977      1.00268122719     0.663720257327          
  25    1               0.04     0.954331887989     0.903715306734     0.402108456934          
  26    1    0.0384615384615     0.787532279141     0.767128229158     0.827318855266          
  27    1     0.037037037037     0.769341669537     0.594925945643     0.549310763896          
  28    1    0.0357142857143     0.491859124546     0.619728599502     0.882908508909          
  29    1    0.0344827586207     0.716168397727       0.3570681064     0.655319061838          
  30    1    0.0333333333333     0.701715258033     0.968731061919     0.901095218157          
  31    1    0.0322580645161     0.853073140173     0.809895010431     0.366035521161          
  32    1            0.03125     0.957771943798     0.968856876848     0.732786793402          
  33    1     0.030303030303     0.585306334689     0.670892976822     0.346621869883          
  34    1    0.0294117647059      0.84366884455      0.52467302139     0.980572325691          
  35    1    0.0285714285714     0.846025817603      0.77495069918     0.954733181512          
  36    1    0.0277777777778     0.603260991539        1.000517442     0.764572888057          
  37    1     0.027027027027     0.943653450813      0.73269075747     0.606027310595          
  38    1    0.0263157894737     0.437984505524       1.0005400054     0.978772720492          
  39    1     0.025641025641      0.85195444182     0.690830550346     0.760713586307          
  40    1              0.025     0.965306054505     0.956756665614     0.564679730102          
  41    1    0.0243902439024     0.863292362792     0.617143571749     0.743488303824          
  42    1    0.0238095238095      1.03646181772     0.923177463942     0.447199028381          
  43    1    0.0232558139535     0.810454854241     0.782126443362      1.08927178375          
  44    1    0.0227272727273      0.89821584865     0.543639047703     0.918636954131          
  45    1    0.0222222222222      0.65894624942     0.656830618428     0.851976652619          
  46    1    0.0217391304348     0.906803685576     0.820542028038     0.448694605192          
  47    1    0.0212765957447     0.482199028627      1.12658711534      1.04356129198          
  48    1    0.0208333333333      1.08825085327     0.833286853011     0.979523595466          
  49    1    0.0204081632653     0.662062444633     0.857312790359     0.717781924827          
  50    1               0.02     0.477217526048     0.896353023615     0.764448236784          
  51    1    0.0196078431373     0.727717030399     0.907910702715     0.803031914891          
  52    1    0.0192307692308     0.852532389268     0.402182260349     0.834570071827          
  53    1    0.0188679245283     0.906431240022     0.892973086912     0.144433193727          
  54    2     0.037037037037     0.183348680063      0.76157112652     0.765113779432          
  55    2    0.0363636363636     0.720222445661     0.747661832055     0.891482545846          
  56    2    0.0357142857143     0.556041835474     0.580639123489      0.13906223995          
  57    2    0.0350877192982     0.282021811759      1.04371090603      1.09722332192          
  58    2    0.0344827586207     0.694850420332     0.488064220622     0.401073132319          
  59    2    0.0338983050847     0.751695469206     0.249956393381     0.681861666138          
  60    2    0.0333333333333     0.826047824789     0.795085418173     0.730524376479          
  61    2    0.0327868852459     0.858355081675      1.04958080342     0.876345582923          
  62    2    0.0322580645161     0.625661741449     0.755004086942     0.929648471223          
  63    2     0.031746031746     0.451898990857      1.05227880207      0.86432922293          
  64    2            0.03125      1.02555842389     0.957842515019     0.658835863153          
  65    2    0.0307692307692     0.826533310728     0.922562386709     0.908830566724          
  66    2     0.030303030303     0.673033393197     0.721401876241     0.684669449374          
  67    2    0.0298507462687     0.855570329872     0.730698711523      1.01886510301          
  68    2    0.0294117647059     0.847256446885     0.779622156282     0.354031778423          
  69    2    0.0289855072464     0.828179468448     0.777985041263     0.910954787369          
  70    2    0.0285714285714     0.885709629543     0.996136393452     0.686088479582          
  71    2    0.0281690140845     0.603121037486     0.652004993208     0.476879506955          
  72    2    0.0277777777778     0.851846987181     0.907362311822     0.728070488984          
  73    2     0.027397260274      1.11366756749     0.934089174136     0.919026419729          
  74    2     0.027027027027     0.628317976078     0.913288359075     0.715249447961          
  75    2    0.0266666666667     0.926765949514     0.282094410285     0.964221503937          
  76    2    0.0263157894737     0.742561219791     0.556158878398     0.646222599261          
  77    2     0.025974025974     0.660063675861     0.578999177743     0.611601187264          
  78    2     0.025641025641     0.395192844103     0.593068819946      0.60762928667          
  79    2    0.0253164556962      0.85607287795     0.521859138765     0.601841055049          
  80    2              0.025     0.669015773099     0.930650239333     0.769509949183          
  81    2    0.0246913580247     0.744893302262       1.0343603874     0.743694382958          
  82    2    0.0243902439024     0.808070720185     0.722415989997     0.905767756196          
  83    2    0.0240963855422     0.372756846807     0.811848102856     0.875481742663          
  84    2    0.0238095238095     0.893802449581      1.01567176556     0.410340917052          
  85    2    0.0235294117647     0.768556868307     0.522636065814     0.981309319831          
  86    2    0.0232558139535     0.979226778384     0.783430744761     0.908505599528          
  87    2    0.0229885057471      0.54063331695     0.671409259709     0.685019294574          
  88    2    0.0227272727273     0.827902887806     0.752878660366     0.444281433419          
  89    2    0.0224719101124     0.888656961162     0.785353640564     0.388881718307          
  90    2    0.0222222222222     0.639491092073     0.437425789824     0.771816636635          
  91    2     0.021978021978     0.611073568084     0.684343240421     0.528292974659          
  92    2    0.0217391304348     0.941368771245     0.973925497718     0.615588579357          
  93    2    0.0215053763441     0.560199621207     0.954997148099     0.727589957987          
  94    3     0.031914893617       0.8457853091     0.841597415205     0.797447691116          
  95    3    0.0315789473684     0.885983678835     0.962461986819      0.97749069754          
  96    3            0.03125     0.906202723631     0.931462743645     0.944667010416          
  97    3    0.0309278350515      0.89895910783     0.877904335831     0.619432318311          
  98    3     0.030612244898     0.660316390083     0.957770298567     0.742215316709          
  99    3     0.030303030303     0.611000887737     0.701244602337     0.719394748771          
 100    3               0.03     0.661247949372     0.803824456494     0.733296679355          

Ultrametricity coefficient is:  3 / 100  =  0.03
Hypercube diameter equals:  1.44224957031

 [0.40921684705771066, 0.32133202395631655, 0.5997170530837134] 
 [0.19484642350569148, 0.17596012190826638, 0.12850347370390613] 
 [0.6431553694402081, 0.7367502657331162, 0.19104641505701814]
